SetFactory("OpenCASCADE");
//
Point(1) = { 0.00000000000000E+00,  0.00000000000000E+00, -1.25000000000000E+01};
Point(2) = { 0.00000000000000E+00,  0.00000000000000E+00, -1.00000000000000E+00};
Point(3) = { 0.00000000000000E+00,  0.00000000000000E+00,  0.00000000000000E+00};
Point(4) = { 0.00000000000000E+00,  0.00000000000000E+00,  1.00000000000000E+00};
Point(5) = { 0.00000000000000E+00,  0.00000000000000E+00,  1.25000000000000E+01};
MeshSize {1, 2, 3, 4, 5} =  1.00000000000000E+00;
Line(1) = {1, 2};
Line(2) = {2, 3};
Line(3) = {3, 4};
Line(4) = {4, 5};
Physical Curve("Wire1", 2) = {1, 4};
Physical Curve("Port2", 1) = {2, 3};
